1880.5   53.7       
1881.5   90.5   
1882.5   99.0  
1883.5  106.1   
1884.5  105.8  
1885.5   86.3 
1886.5   42.4 
1887.5   21.8     
1888.5   11.2     
1889.5   10.4   
1890.5   11.8    
1891.5   59.5    
1892.5  121.7    
1893.5  142.0    
1894.5  130.0    
1895.5  106.6  
1896.5   69.4    
1897.5   43.8    
1898.5   44.4   
1899.5   20.2    
1900.5   15.7    
1901.5    4.6    
1902.5    8.5    
1903.5   40.8   
1904.5   70.1    
1905.5  105.5   
1906.5   90.1    
1907.5  102.8    
1908.5   80.9  
1909.5   73.2    
1910.5   30.9     
1911.5    9.5   
1912.5    6.0     
1913.5    2.4     
1914.5   16.1   
1915.5   79.0     
1916.5   95.0     
1917.5  173.6    
1918.5  134.6    
1919.5  105.7    
1920.5   62.7  
1921.5   43.5    
1922.5   23.7    
1923.5    9.7    
1924.5   27.9    
1925.5   74.0    
1926.5  106.5    
1927.5  114.7    
1928.5  129.7   
1929.5  108.2    
1930.5   59.4    
1931.5   35.1  
1932.5   18.6    
1933.5    9.2  
1934.5   14.6    
1935.5   60.2    
1936.5  132.8    
1937.5  190.6    
1938.5  182.6  
1939.5  148.0   
1940.5  113.0    
1941.5   79.2    
1942.5   50.8   
1943.5   27.1    
1944.5   16.1    
1945.5   55.3    
1946.5  154.3    
1947.5  214.7   
1948.5  193.0  
1949.5  190.7     
1950.5  118.9    
1951.5   98.3     
1952.5   45.0     
1953.5   20.1     
1954.5    6.6     
1955.5   54.2     
1956.5  200.7   
1957.5  269.3    
1958.5  261.7    
1959.5  225.1    
1960.5  159.0  
1961.5   76.4     
1962.5   53.4   
1963.5   39.9     
1964.5   15.0     
1965.5   22.0     
1966.5   66.8     
1967.5  132.9     
1968.5  150.0     
1969.5  149.4     
1970.5  148.0   
1971.5   94.4     
1972.5   97.6    
1973.5   54.1  
1974.5   49.2    
1975.5   22.5    
1976.5   18.4    
1977.5   39.3    
1978.5  131.0    
1979.5  220.1    
1980.5  218.9    
1981.5  198.9  
1982.5  162.4    
1983.5   91.0    
1984.5   60.5    
1985.5   20.6    
1986.5   14.8    
1987.5   33.9  
1988.5  123.0  
1989.5  211.1    
1990.5  191.8   
1991.5  203.3    
1992.5  133.0  
1993.5   76.1    
1994.5   44.9    
1995.5   25.1    
1996.5   11.6    
1997.5   28.9    
1998.5   88.3    
1999.5  136.3  
2000.5  173.9    
2001.5  170.4    
2002.5  163.6    
2003.5   99.3    
2004.5   65.3    
2005.5   45.8    
2006.5   24.7    
2007.5   12.6    
2008.5    4.2    
2009.5    4.8    
2010.5   24.9    
2011.5   80.8    
2012.5   84.5    
2013.5   94.0    
2014.5  113.3    
2015.5   69.8    
2016.5   39.8  
2017.5   21.7     
2018.5    7.0     
2019.5    3.6     
2020.5    8.7   
